10000297,56.20677520,10.21126220
10000386,56.10341900,10.08703800
10000874,55.60056600,11.85142200
10000939,55.41471460,10.58370990
10001102,55.80092000,12.01711600
10001145,56.27471500,8.31320900
10001242,56.08291730,8.25376350
10001307,55.67975100,11.09267600
10001331,55.68715130,12.54954870
10001382,57.44800750,10.45842440
10001447,57.08382400,9.23736190
10001498,55.44033200,10.39973200
10001528,55.98080400,8.64651400
10001633,55.68015800,12.58378500
10001706,55.71183800,12.44787200
10001803,55.93364900,12.30805600
10001870,55.67607000,12.57072900
10002028,55.94799500,8.49339700
10002176,56.41843160,8.49149540
10002230,55.78239100,8.44808100
10002273,57.16878800,10.14556700
10002338,55.86288430,9.48064550
10002672,55.73587570,8.54144540
10003148,55.30579060,11.54147910
10003202,54.92840600,9.72634700
10003253,55.57897800,12.19161190
10003407,57.07247000,9.72881900
10003687,56.14971400,9.95399900
10003784,55.41603300,11.68807100
10004098,55.96500700,9.74051600
10004136,56.26036200,9.99215200
10004411,55.54568800,10.39126900
10004500,57.07854400,9.76033200
10004705,55.32336100,12.22558000
10004780,55.19145000,9.06241900
10004845,56.92286500,9.64860700
10004888,57.48168900,10.47679000
10005043,55.72424700,12.54563900
10005140,55.67229100,12.43936190
10005159,55.66803150,12.59720340
10005183,55.69232200,11.78683590
10005604,55.69061750,11.04407100
10006449,56.34842210,9.86931430
10006473,55.16106100,11.93153700
10006481,56.31949020,10.31460320
10006511,56.46432700,10.01348300
10006775,55.66727450,12.57762550
10006805,55.52105740,8.78358860
10006872,57.04656500,10.36972100
10007038,56.99890900,10.00318000
10007186,55.05681790,14.77919400
10007208,55.67592200,9.53381400
10007372,55.78683610,12.51954780
10007518,55.71424960,10.01177600
10007534,55.84591800,8.38208400
10007542,56.02675400,8.11886200
10007631,55.85441400,12.54170400
10007739,55.73983110,8.17897060
10007844,55.60402960,12.35903180
10007933,55.75577760,12.59316700
10007984,56.12010300,8.17780200
10007992,55.39732800,8.93856300
10008034,55.84236500,12.52798300
10008042,54.97789200,12.05920700
10008107,55.85225800,8.76014790
10008204,56.90104500,9.21285500
10008255,55.68433680,12.50382980
10008298,55.70955000,10.00720900
10008379,56.14557200,8.93574900
10008638,54.93339300,10.28142700
10009073,56.11874500,10.20279600
10009448,55.52144200,8.77339400
10009642,55.83824390,12.54459960
10009782,56.08605200,10.13778300
10009995,56.53717500,9.77200300
10010047,55.25150300,9.38298900
10010136,56.06973230,12.52524760
10010179,57.45375600,10.52226500
10010330,57.31803500,10.49947890
10010497,55.27560900,14.80268900
10010535,56.48345320,9.13530320
10010691,56.26952300,9.44223300
10010748,57.38139200,10.50098300
10010942,57.46158320,10.44282380
10011078,55.64703500,12.48802500
10011086,55.45179860,9.03908690
10011175,55.21057470,11.19135290
10011337,55.20164030,11.66530690
10011477,55.68091300,12.57548300
10011507,56.96202400,8.73443200
10011531,55.49157800,9.46875400
10011698,55.83301960,12.07288270
10011728,56.51446500,9.30867400
10011949,56.11296990,9.05371260
10012015,54.78163900,10.71342600
10012171,55.73840000,12.57663200
10012201,56.19991900,9.56376140
10012376,55.58439310,8.41311000
10012449,54.83317950,11.14578620
10012600,56.12951400,8.93138400
10012848,55.23057200,11.75775700
10012856,55.68862770,12.59858390
10012937,56.61860260,9.59502400
10013232,56.21320100,9.18034600
10013275,56.55021720,9.11057200
10013291,55.00036700,10.85269800
10013305,55.49814440,9.53932510
10013348,57.47531400,9.97194150
10013542,54.95084700,8.76036100
10013593,56.46991200,9.97004900
10013739,56.42681300,9.41407800
10013828,55.97701500,12.07904800
10013836,57.07408100,9.29455100
10013887,56.79608820,8.86260550
10014182,55.98118700,10.22988800
10014239,55.42269000,11.20140400
10014344,57.02954400,8.84751000
10014476,55.69483700,12.59684700
10014484,55.67769430,12.49463570
10014573,54.93140180,8.85690390
10014603,55.92299630,12.30354430
10014735,55.76655800,9.88422900
10015006,56.14153100,10.18429100
10015103,56.88338600,9.57415800
10015170,55.42796000,10.25368700
10015480,55.89150900,9.74912500
10015545,56.55121300,9.84321200
10015634,55.64891690,12.30087030
10015731,55.81359700,9.97019100
10015790,56.80432100,10.08898200
10015901,55.65907600,12.50404790
10016134,55.66244010,12.34117580
10016185,56.19400520,10.13920230
10016193,55.75139770,11.95449590
10016371,56.47008330,9.41058890
10016398,57.26757600,9.96802400
10016606,55.50888230,8.48471010
10016673,56.43690030,8.20198600
10016789,56.00859400,9.52925000
10016797,55.68036900,12.57549350
10017033,56.19628400,8.25984800
10017491,55.44363190,11.79028710
10018102,55.45625100,10.26921300
10018145,54.86137600,11.86486900
10018471,55.64965700,12.38420400
10018595,56.48882100,10.02097400
10018692,56.92664400,8.86069500
10019036,56.53586800,9.02859800
10019249,55.00132500,9.86347520
10019303,55.14694700,11.88821300
10019699,56.96129160,9.25134860
10019745,56.56647500,9.02652640
10019761,56.18858800,9.69941000
10019788,56.70166900,9.62090500
10019885,56.43422100,8.53407400
10019907,56.07293200,12.26477600
10020042,56.67526500,9.85972300
10020131,55.85904900,11.57373700
10020182,55.94142800,8.78040900
10020484,55.35130800,8.98386400
10020492,56.31424600,9.38363200
10020549,55.43012420,9.92789680
10020573,55.20059900,10.52277900
10020689,55.55826400,9.43619200
10020700,54.83966800,12.10054070
10020743,55.36446430,10.39208790
10020840,56.88957400,9.98728100
10020948,56.66121700,9.59451290
10021006,56.53105600,9.61050200
10021170,55.47973400,9.44244400
10021189,55.89704400,12.28437600
10021286,55.67251330,12.40467680
10021375,56.25594900,9.84709420
10021499,56.44732400,9.43247000
10021642,55.70526820,11.69259340
10021693,55.32049220,15.18644850
10021790,56.14153100,10.18429100
10021936,56.19912400,10.67384030
10021979,56.15956720,10.20611380
10021995,55.48854100,9.97370800
10022037,55.83644000,9.52053900
10022134,55.87835700,8.68686100
10022185,56.59990400,9.49939300
10022479,56.35790500,10.62309800
10022533,55.49246800,9.48247340
10022541,55.75481400,9.39036000
10022576,56.67270800,10.03198000
10022673,56.49636100,9.84223800
10022738,55.67249450,12.59167380
10022819,55.57151100,12.09334200
10022843,55.10726800,15.14746800
10022991,56.27331100,8.82836090
10023084,55.48508470,9.51968210
10023173,57.11423800,8.63712800
10023483,55.73389700,12.46497300
10023572,56.01629800,12.11737200
10023580,55.99571500,8.56392400
10023599,54.98417000,9.38692290
10023602,55.52962660,12.20727960
10023645,55.88492900,12.49274900
10023734,56.23961500,9.36433190
10023807,56.24318500,9.02736300
10023939,56.43039580,9.13324240
10024404,55.45574830,11.80360420
10024439,55.45539500,12.06145900
10024749,55.67405090,12.55827050
10024773,55.66437600,12.62634200
10024846,55.93184100,12.26699900
10024854,55.67394620,12.56230920
10024870,56.68177200,10.23090300
10024897,55.64947240,12.18015610
10024900,55.67798240,12.56708470
10025001,55.67798240,12.56708470
10025036,55.67798240,12.56708470
10025052,55.69722700,12.57570100
10025192,55.67798240,12.56708470
10025206,55.67798240,12.56708470
10025249,55.67798240,12.56708470
10025281,56.88781500,10.10805200
10025338,55.67798240,12.56708470
10025370,55.67798240,12.56708470
10025400,55.67798240,12.56708470
10025486,55.67798240,12.56708470
10025508,55.44680000,9.94626200
10025907,55.63650550,12.61903240
10025982,56.16898500,8.64101900
10026008,55.72653800,9.49710400
10026202,55.14311500,10.15943600
10026288,55.68408290,12.58585270
10026342,56.07606700,12.54491000
10026474,56.38940200,9.79816700
10026490,56.34954200,9.79599100
10026539,57.13919600,9.96726500
10026547,55.38466300,11.31416600
10026636,56.47663100,9.34010500
10026709,55.99133210,12.53423510
10026784,56.19927890,10.67359780
10026830,55.73444100,12.47565000
10026881,55.90956300,12.16310200
10026970,55.81883500,12.42821000
10027101,55.67378180,12.55412980
10027187,55.68527840,12.55965490
10027489,55.66407910,12.36867700
10027535,54.80169580,10.70303920
10027608,55.67875760,12.53607510
10027802,55.52155600,12.16074600
10027845,55.68099570,12.53328650
10027888,55.94731000,10.12271000
10028078,55.44278900,11.60734600
10028086,55.88958000,12.35045800
10028183,56.46032060,9.43374980
10028213,55.99499050,12.49215880
10028248,54.88437400,9.67277300
10028302,56.03377000,9.86230800
10028388,55.68330430,12.57579410
10028647,55.42650200,11.74729990
10028671,55.42969550,11.72844890
10028728,55.68835460,12.59011530
10028795,55.93941300,12.18424600
10028876,56.13971650,9.16105900
10028981,56.77162000,8.61301900
10029007,55.72084600,9.57427300
10029295,55.15907600,10.23535000
10029333,55.31526900,11.75235100
10029392,55.85254470,12.33818020
10029597,56.15305000,10.20567000
10029600,55.67981700,11.09408000
10029775,55.46957300,8.57604600
10029783,55.32027820,10.20676660
10029988,56.44886500,9.80475000
10030242,56.14823900,10.19692680
10030331,56.25332400,10.07633700
10030498,55.09406200,9.35141300
10030617,56.28117400,10.32171900
10030692,56.43230600,10.04903700
10030749,55.70631930,12.58592490
10030803,55.88418800,12.34308200
10030919,55.72784950,12.52468600
10031133,56.42823900,9.94927100
10031176,55.79304240,9.67276680
10031370,56.54572500,8.39820200
10031648,56.04530200,10.08630760
10031818,55.09704600,14.71391700
10031877,56.79395930,9.49883530
10031885,55.58454170,12.28314400
10031915,55.71534100,12.45120800
10031990,56.54710200,8.28183800
10032105,57.08497600,9.25896700
10032202,56.93521600,9.34656700
10032296,57.58611300,10.30680400
10032504,56.93129150,10.10326750
10032830,54.83542600,11.33006000
10032938,56.55078800,9.50831000
10033004,55.68433680,12.50382980
10033098,54.91786700,9.67286400
10033144,55.71263700,8.80647600
10033241,55.78522530,11.59416050
10033454,55.74313200,12.52868900
10033535,55.43287810,11.55635410
10033578,55.45792210,9.88862820
10033748,54.93417450,10.83144440
10034140,57.45191000,10.52113800
10034183,57.72759200,10.52256500
10034671,55.06833390,10.64904490
10034841,55.41474300,10.32089700
10034884,56.34853700,10.24000200
10035147,55.51085550,8.48191360
10035198,56.09019240,10.13797120
10035236,57.14628020,10.05056920
10035287,56.64734320,8.62350670
10035295,56.08704500,10.13239600
10035503,57.04643990,9.91950710
10035643,55.54151380,9.46720940
10035996,55.88585400,12.35090400
10036011,55.39439200,11.50638000
10036070,55.43750500,11.24424990
10036291,55.67432810,12.55140540
10036348,55.68583050,12.54669390
10036496,55.69923640,12.47053710
10036534,56.21095100,9.90091200
10036607,56.43195500,10.37392600
10036631,55.83592220,9.24652800
10036801,56.55570210,8.63037220
10036844,55.76021140,12.59245530
10036992,57.04855700,9.91726890
10037093,56.16250500,10.20451690
10037131,55.72342600,12.57581740
10037344,55.66768440,12.39734250
10047196,56.20703640,10.23448030
10047234,55.83861510,12.40056980
10047242,56.80447250,9.53224910
10047277,55.71275300,12.44857400
10047331,55.25431930,9.36075280
10047471,56.02331090,12.20323700
10047595,56.43585970,10.38371600
10047676,56.45738700,10.03911700
10047692,55.46691240,9.42134310
10048095,57.45739070,9.99452600
10048109,55.75368870,12.57168310
10048141,55.03466500,9.58428900
10048273,56.04337410,12.59353490
10048370,56.19714140,8.30052130
10048672,55.72041090,11.71362100
10048702,55.73049100,12.41164400
10048745,55.51360210,10.39898640
10049032,55.69559810,12.43665220
10049342,56.20766700,10.22181290
10049377,56.34094800,8.63120400
10049385,56.15872070,10.21543560
10049474,55.67802550,9.56850350
10049490,55.78359290,12.49043350
10049598,55.36024500,10.60219900
10049717,55.39527900,10.38492300
10049970,55.39598000,10.37863200
10050243,55.56117300,9.50468500
10050472,55.69473190,9.52517850
10050715,55.73312000,12.48702200
10050936,54.89701660,9.80944180
10050979,55.70472300,12.57363100
10050987,55.21557200,11.76318100
10051231,55.55423100,8.12806990
10051479,56.27366480,8.32167030
10051509,55.76126020,12.57353710
10051592,55.75316390,11.96464200
10052009,56.83339300,10.02657900
10052092,56.74254500,9.29288500
10052203,55.68212510,12.58598380
10052637,55.68044100,12.56915400
10052939,55.44964140,11.97572030
10052947,55.84196300,9.23414700
10052998,55.35433300,10.44111400
10053277,55.67002320,12.54586310
10053404,54.82930500,11.12328800
10053439,55.79161500,12.48679400
10053544,55.44270760,11.79759540
10053579,55.42767500,10.36589300
10053838,55.29745300,10.46666000
10053986,55.64725300,12.28785400
10053994,55.97200000,11.36739200
10054036,54.90521860,9.78818580
10054192,55.73868500,11.70580600
10054303,56.40874090,9.65169750
10054672,55.85495940,9.86698220
10054753,55.67768900,12.56638890
10054834,55.47830810,12.18664470
10054842,55.50353600,12.18722700
10054850,55.63681710,12.49018750
10054974,55.67989810,12.37248840
10054990,55.70046600,12.53873900
10055016,55.65907400,12.19231200
10055091,55.41911900,9.29130800
10055148,55.93873200,9.13960800
10055172,56.33597900,10.38393400
10055180,55.45361240,9.56967920
10055601,55.67676490,12.49862980
10055695,56.00788400,12.13509900
10055792,55.69025880,12.56392140
10055997,55.72738970,12.57955600
10056640,56.37872070,10.49078970
10056691,56.17561100,10.15209200
10056705,54.75222400,11.37306700
10056934,55.66094690,12.56269000
10056993,55.81062200,12.53935000
10057000,55.81062200,12.53935000
10057140,55.49448100,9.32736600
10057183,56.35459800,9.11337100
10057272,56.00728900,8.39768100
10057493,57.04295600,9.31938800
10057582,56.44773000,10.06307300
10057604,56.82492900,9.84845100
10057639,54.90331800,10.62244800
10057787,55.40032220,12.30407540
10057906,55.30825220,12.38890200
10057930,54.94676420,9.87644160
10058074,55.67509210,12.57216520
10058082,55.67239700,12.55262200
10058090,55.67239700,12.55262200
10058376,55.45765830,12.18359960
10058597,56.79400100,9.51999400
10058643,55.74322100,12.41945000
10058775,55.17050500,14.80123300
10058880,56.97706100,9.71836700
10058996,55.50931000,11.82518990
10059089,56.11028410,12.26005060
10059100,55.66600160,12.56862980
10059135,55.10504600,14.70210900
10059291,56.71586000,8.57524800
10059305,55.15831710,8.76729800
10059402,56.52271400,9.25666300
10059577,55.86971530,9.61312570
10059631,57.07381300,9.90458100
10059771,55.73824370,9.09295180
10059798,56.13298200,8.98632200
10059844,55.43429600,11.80232400
10059879,55.79202620,12.59152570
10059887,55.43278170,11.64498490
10059895,56.96186700,8.73259200
10059909,55.64246350,12.39654380
10059933,56.03700510,9.92414730
10060192,55.70425600,12.50223500
10060435,55.24726540,12.10576180
10060532,54.90528800,9.79187200
10060842,55.84335390,9.24632470
10060877,55.44823610,11.97803940
10061040,55.84327500,12.04682600
10061377,55.73426010,12.38064380
10061504,55.86570300,12.37470100
10061539,55.75321060,12.33092280
10061547,55.75564110,12.41343550
10061571,55.75805300,12.50029900
10061741,55.46715800,11.79269300
10061946,55.45756000,11.87480100
10062039,55.72738970,12.57955600
10062373,55.67783400,12.58269700
10062446,55.73162300,12.28784300
10062543,55.00926870,11.90787080
10062748,56.15478200,10.11899700
10062845,55.72738970,12.57955600
10062888,54.76385200,11.45850500
10062896,55.69132800,12.57971390
10062985,56.15314300,8.97928000
10062993,55.38984100,9.23825600
10063000,56.83997780,9.64426680
10063132,56.53964530,8.87744510
10063205,55.54963900,8.97741100
10063396,55.07468400,11.83394300
10063485,55.61574300,9.30956100
10063582,55.86290890,9.88528420
10063639,55.17301300,11.81588300
10063701,55.01515100,11.85586700
10063809,55.25286890,9.64559470
10063930,56.08953200,8.64402400
10063973,55.78640400,9.85170100
10064031,56.19010100,8.79590990
10064341,55.59734940,12.65987650
10064600,55.53967100,9.76180200
10064775,54.74005790,11.87825550
10064872,55.66251400,12.47327400
10064945,55.77884600,9.33703200
10065070,55.75652800,8.44133900
10065089,55.75926100,9.45580200
10065445,54.94259200,10.72760300
10065682,56.20749220,10.21691890
10065771,56.59668200,9.65556500
10065895,56.22240400,10.13590100
10065984,56.20148600,9.57848500
10066034,54.78028180,11.88004630
10066085,57.32219600,9.86181900
10066247,55.99103900,10.15138990
10066301,56.50522700,9.33709500
10066387,56.05137400,9.94423200
10066573,55.99612000,8.70715300
10066646,57.00963500,9.81659000
10066891,56.46728300,10.00941690
10067006,56.69260500,8.20959600
10067200,56.17389000,9.81235800
10067278,56.83307000,9.74853200
10067286,55.77534230,12.49577340
10067332,55.85870800,9.24968000
10067383,56.33343200,10.06422800
10067502,55.76244270,12.45818020
10067596,56.08764260,8.26588130
10067898,55.81919300,12.48357800
10067901,57.05368890,9.91287670
10067944,55.40012600,11.32824300
10119731,55.26253800,10.11519900
10120144,56.59211400,10.10948000
10120187,55.27934900,10.09674600
10120233,55.44466000,9.02413600
10120292,55.75748540,12.39051070
10120373,56.83937400,9.67647100
10120500,55.58117100,8.68137900
10120535,55.41221200,10.02117600
10120632,57.31320600,9.91124900
10120748,56.47086800,9.44138890
10120780,56.03140900,8.50142000
10120985,55.83318500,9.85000900
10121418,55.67888090,12.57189020
10121582,55.39502600,11.66173700
10121671,56.18721930,10.21127090
10121744,55.86311450,12.55262490
10121795,56.63105000,9.57881400
10122007,55.99920990,11.97928910
10122295,55.72937400,12.50772000
10122406,55.65171900,12.61984300
10122546,57.42459480,10.51183840
10122732,57.06081500,10.14497700
10122902,55.42417300,12.01580700
10122937,57.04752030,9.91727690
10122945,55.19066870,12.01507520
10123089,55.67994600,12.58305000
10123100,57.44747000,10.49553400
10123119,56.44407800,8.73198900
10123135,56.45012640,9.36828500
10123194,56.13477900,8.97475020
10123577,55.70250400,12.47594900
10123887,55.49780500,11.75491050
10124042,55.78670640,12.59518360
10124247,55.22465000,11.76242700
10124417,55.67401000,12.57232300
10124484,54.89311000,9.44304620
10124638,56.28705880,8.55448630
10124670,56.18069280,10.42064730
10124697,55.36435290,10.49274840
10125235,56.18290870,10.12528940
10125472,57.44605300,10.52626100
10125618,55.66233800,12.39807200
10125898,56.82242600,8.39061100
10125944,55.78110240,12.48240830
10126045,55.77023120,12.57581300
10126207,56.62238100,10.07079700
10126274,57.11598200,9.34950900
10126479,55.00683160,11.91740980
10126541,55.70504560,12.50514250
10126576,55.68999000,12.57200880
10126584,55.39531910,10.38000240
10126703,56.44458400,10.07153400
10127009,55.46562210,8.45476880
10127394,55.47228410,8.45588030
10127505,56.55410400,9.94236500
10127831,55.33087000,8.76329100
10127874,55.75188900,9.20260390
10128188,55.16693000,11.96871800
10128501,55.75039100,12.55415090
10128536,56.00755330,12.57956340
10128676,55.72342600,12.57581740
10128706,55.73601500,12.57886800
10128781,55.62804800,12.18851600
10129095,55.67602400,12.39377000
10129109,55.22451900,8.87830490
10129133,54.95459200,11.18833160
10129311,55.45734200,10.06220900
10129443,56.53953390,9.01720310
10129540,56.08355900,9.76803300
10129575,55.74123600,9.01922190
10129931,56.43971700,10.13499400
10130085,56.01320300,8.92661800
10130379,55.38288800,10.38644700
10130530,56.03034000,8.38761980
10130581,57.02755900,9.93821800
10130603,56.15417420,8.94392300
10130638,55.70371400,11.96285800
10130840,55.84078300,12.54981100
10131049,55.62475800,12.59273900
10131146,55.72412100,12.37997500
10131170,55.59167000,11.85163400
10131472,55.35745100,10.32774390
10131502,57.01069100,9.88472000
10131537,55.59351200,12.13114500
10131707,55.05760110,9.74537490
10131731,56.27027800,10.17336100
10131871,55.25039300,14.82305100
10132339,55.67676600,12.56751390
10132347,55.38112200,11.37830800
10132436,55.66837060,11.98119220
10132479,55.67905400,12.57069800
10132584,56.88817900,9.57331300
10132886,55.55117500,8.13546100
10132983,55.71579200,12.54729400
10133106,55.08103300,14.84174300
10133130,55.67729900,12.51323700
10133238,55.92406900,9.96978100
10133289,55.94629600,8.79347070
10133505,56.14230590,10.20525580
10133548,56.66393400,9.55463300
10133645,55.71741500,9.16487500
10133696,55.68099330,12.58801070
10133793,55.25098700,10.48361100
10133874,55.04471650,11.96688170
10133904,55.06946800,9.48436890
10133998,55.96522800,12.50070900
10134153,55.30906690,12.39006340
10134188,57.05858960,9.94761540
10134285,55.74148500,12.47962400
10134404,56.10975300,10.09935800
10134498,56.11614200,9.41728090
10134633,55.80114300,12.49039200
10134641,54.70931300,11.91940800
10134889,55.59552000,9.43324100
10134897,54.91387800,9.79617500
10134943,55.09509510,10.24304740
10134986,55.66940900,8.35273800
10135109,57.27971500,10.92570500
10135370,55.70393900,12.45091800
10135443,55.83164100,10.54926200
10135591,55.48880300,9.47522600
10135893,55.64968170,12.30153110
10136148,55.99041240,12.55081530
10136407,55.66731740,8.51639440
10136504,56.03449820,12.61239030
10136598,55.63674360,9.65860400
10136695,55.75849770,12.57548510
10136792,55.67267730,12.58790770
10136806,56.20905700,9.44943600
10137195,57.13333300,9.55576010
10137446,56.15118030,9.47883570
10137543,54.93165400,8.98812200
10137578,55.56861500,9.03126900
10137586,55.87850550,12.49833730
10137845,55.72716100,12.33723800
10137993,55.64770400,12.38559400
10138043,54.86586300,11.09108000
10138094,55.66489700,12.62879300
10138574,57.45089400,10.01475700
10138671,55.04693890,10.58582340
10138698,56.19302340,9.01935090
10138787,56.18892300,9.55754200
10138906,55.67496380,12.56064260
10139147,55.98352700,9.30050900
10139384,55.43321860,11.80107910
10139686,55.86906900,12.23815300
10139872,55.32031740,10.79192950
10139996,54.94093200,9.21224300
10140013,55.71765430,11.71210890
10140293,54.94306900,8.86938500
10140536,56.45354400,9.84950000
10140544,56.12958900,9.64569900
10140668,55.81770530,12.54096780
10140714,55.34081000,11.31506200
10140749,55.02692500,10.87565600
10140870,55.74176800,12.56779100
10140986,56.73851800,9.58639900
10141079,55.68405050,12.58201540
10141087,55.20045100,14.73872500
10141249,54.92388730,9.80905180
10141443,55.24841130,9.48968340
10141583,56.66945200,9.02284100
10141699,57.09855400,9.56208090
10141796,57.34916600,9.84830900
10141877,55.67511200,12.51581900
10142040,54.85452030,10.50461640
10142075,56.02380610,12.51903790
10142172,55.56500320,10.09169620
10142180,56.16636950,9.54544930
10142601,57.05276730,9.91457060
10142741,55.69627280,11.05673040
10142857,55.79704500,12.44124800
10143438,55.04502600,11.88251300
10144191,55.25284600,9.50311500
10144248,57.04472300,9.86777800
10144353,55.67950100,12.50670300
10144698,57.26848090,9.69698770
10144884,56.72471200,10.02083700
10145201,56.43216380,9.41746870
10145295,55.67339950,12.56011610
10145333,54.94135590,11.38311800
10145384,55.17261900,10.53155700
10145406,56.83645900,8.83924800
10145546,55.75810800,8.92679500
10145597,55.09193410,12.06915410
10145600,55.85836500,9.85094200
10145791,55.67556500,12.53253310
10145880,55.99930070,12.50534120
10146534,56.16430630,8.92035450
10146542,55.85978500,9.40545500
10146674,55.67339950,12.56011610
10146690,55.69197900,12.58134800
10146712,55.46165200,10.00072300
10146747,55.37940430,10.40122040
10146771,57.33546000,10.50292990
10146879,57.35049100,10.07051800
10146909,55.78405700,11.56001500
10146992,56.46644720,9.99207990
10147239,55.70293800,12.41535400
10147387,55.44800600,11.95241930
10147476,55.71652500,11.28564810
10147484,55.79208430,12.49276230
10147549,56.13123000,8.49652500
10147735,55.06428800,8.82732500
10148006,56.15390900,10.16297000
10148138,55.62777000,12.41670500
10148170,55.69817500,12.47671100
10148197,55.67864890,12.58100320
10148375,56.16501750,10.10836780
10148405,56.23452000,10.30228400
10148480,55.61607590,12.63067220
10148545,56.89075800,9.38858500
10148685,56.41055400,9.79089500
10148782,56.15707080,10.20886180
10148901,56.61822300,10.20449530
10149088,56.86630000,9.88737700
10149177,55.06852900,10.73199200
10149355,55.78695560,11.61222140
10149398,56.13690640,8.97993630
10149606,56.16672000,10.12135700
10149681,55.73230170,8.21888270
10149835,57.42517400,10.13582900
10150140,56.19536220,10.25819480
10150175,56.26595100,8.72287000
10150493,55.10655000,8.88814700
10150531,55.66601100,12.59510310
10150604,56.18873300,8.99097500
10150728,55.39916920,9.97334270
10150795,55.71596330,12.43585110
10150876,55.54239670,9.69231790
10150981,56.16429500,10.21629700
10151198,55.99506400,9.83972200
10151538,55.76248600,9.84746600
10151708,55.90986640,12.15975640
10151775,56.31867300,10.42360100
10151856,55.63952500,12.58701620
10151872,57.45964460,9.98806700
10152003,55.69709200,11.71399200
10152089,55.70715800,12.59431700
10152305,55.62762700,12.46694300
10152380,56.56647500,9.02652640
10152410,55.50171300,9.76358600
10152453,55.69926800,12.57818000
10152496,57.45701840,10.01828220
10152585,55.36974360,10.39408960
10152682,56.03504280,12.61203190
10153093,56.74037100,8.66137000
10153271,55.69973000,12.59987600
10153298,55.88296370,12.52343810
10153433,55.32689200,11.96206090
10153670,55.61098700,12.47125500
10153808,55.20836000,8.80121400
10153905,55.67473440,12.56129420
10153948,56.08643600,12.40054100
10154189,56.51478300,9.25134400
10154243,55.71242300,11.75175360
10154499,55.65078600,12.38110500
10154588,54.92386510,9.81608090
10154596,55.64575800,12.37464600
10154790,55.83824800,12.55475700
10154804,56.13646420,9.13528640
10154847,55.71478970,10.01021930
10154987,55.63717900,12.64290300
10155134,54.88219270,9.54162020
10155215,55.52256800,11.40619900
10155606,55.67488200,12.44184900
10156092,55.59170000,9.22175400
10156211,55.71735890,12.43201770
10156246,56.18720290,9.07204070
10157102,55.50351330,9.74121480
10157145,55.50549000,9.70765900
10157188,55.67358700,12.54599900
10157196,55.38993450,10.39693100
10157390,56.47876200,10.13924400
10157498,55.84886740,8.27845500
10157811,55.47753800,11.38082200
10157846,56.23046900,10.11155600
10157870,55.14420520,10.33358330
10157986,55.02998230,10.67410260
10158184,55.46374800,11.56240500
10158206,56.36584300,8.63718000
10158230,55.52663950,9.46505600
10158478,56.72835100,9.26835790
10158494,56.73953900,8.64962400
10158575,55.52835770,9.78987250
10158605,56.81344890,8.84913250
10159172,55.66971740,12.55557220
10159199,55.65622920,12.10674080
10159334,56.70486440,8.21996900
10159377,56.90957100,9.67709900
10159431,56.92835700,10.03736800
10159547,55.59572200,9.76955300
10159679,55.20063300,8.90827600
10159695,55.67825100,8.46052000
10159792,55.58237400,9.33263400
10159881,57.43366040,10.52898970
10159970,56.61612900,10.03669300
10160170,55.99618440,9.13169960
10160537,55.40979200,10.37061500
10160847,56.15755900,10.19289900
10161142,57.32603600,10.51334200
10161282,56.12335090,12.30992550
10161592,57.43040370,10.52650760
10161614,55.75152200,12.49729860
10161630,56.47915720,10.02482250
10161789,56.53643500,9.02016000
10161800,56.65473940,8.93486910
10161843,57.50344380,10.28039440
10162203,55.67276370,11.46123790
10162246,55.03648500,11.85965600
10162599,56.16901290,9.54904900
10162688,55.86141690,9.85620320
10162874,55.60733970,10.62307140
10162971,56.09251430,9.75674560
10163072,56.05206200,9.51687300
10163137,56.23485860,9.88317380
10163234,55.67796800,12.56608000
10163374,55.55619400,11.61831100
10163382,55.17911290,12.01122300
10163471,56.74178400,9.95833900
10163587,55.46592960,10.02191650
10163609,57.02020600,8.83033700
10163641,56.90276600,8.43995500
10163714,55.73880900,12.39962100
10164133,55.75906700,9.85725600
10164176,55.36092840,10.67325850
10164214,55.41278200,10.00980200
10164389,56.74500300,10.22945400
10164397,56.15767300,10.10830900
10164591,56.84876400,9.70385600
10164699,55.26205120,11.80934950
10164745,55.74531100,11.61613400
10165032,56.31576500,10.31686700
10165091,57.34510400,9.89645300
10165385,55.23711260,9.28686540
10165571,55.38664140,10.39034700
10165741,56.23733560,8.84998680
10165873,57.57766400,10.26578000
10166047,57.09519700,8.82243600
10166306,54.97409500,8.70302800
10166403,55.75039100,12.55415090
10166470,56.07025800,9.99831500
10166551,55.90094000,12.50201600
10166586,56.44653150,8.85443070
10166640,55.85831660,12.56320360
10166675,56.52542300,8.49547100
10166896,55.40408970,11.35613650
10166942,55.84622400,11.61073800
10166985,56.20600600,9.08733400
10167019,55.76366800,12.57964900
10167043,55.86161600,9.84209800
10167108,57.04198900,9.88627200
10167132,55.62461600,12.49161000
10167175,55.61924800,9.30592100
10167299,55.33391800,9.35786800
10167345,55.36957600,10.37148000
10167388,56.30516560,10.40843220
10167671,55.36385400,10.35357990
10167736,56.54416420,8.76621660
10167744,55.69347560,11.04815010
10167833,55.51287900,10.17223000
10167906,56.38686700,9.78431400
10167949,56.14945200,10.20604100
10168007,56.20766700,10.22181290
10168309,54.98504000,8.97399500
10168384,55.72803590,12.58300340
10168430,55.14376200,9.20192800
10168589,55.61786200,12.61900700
10168597,55.52230230,11.48769320
10168686,55.72971600,12.41527290
10168732,55.32695100,11.46916900
10168740,55.58639000,12.25062990
10168791,54.78146500,11.50232900
10168872,55.97485620,12.02009110
10168945,55.81596000,12.10767700
10169097,55.68406750,12.54352590
10169291,55.67342000,11.10340700
10169976,55.12386500,9.46058000
10170095,55.18016900,11.65153500
10170184,57.59294300,9.96832100
10170532,56.88552100,8.62311700
10170702,55.82051300,12.37375490
10171091,56.84911800,8.82075000
10171474,54.88124310,9.54300700
10171717,55.72743100,12.57135800
10171814,55.39448400,10.37259500
10171997,55.66591800,12.39932100
10172098,57.11921900,9.84365700
10172284,55.77957700,11.47954590
10172500,55.68867410,12.53535570
10172748,55.67719300,12.58187500
10172942,55.67888090,12.57189020
10172985,55.67726400,12.34606290
10173108,55.73334780,11.01642720
10173477,56.05403100,10.20001000
10173671,57.16651800,10.14427300
10173833,55.90384340,12.48703040
10173868,55.75464500,12.56971700
10173981,55.96562100,9.40271600
10174015,56.75743800,8.87800450
10174074,55.25187170,9.48852710
10174287,55.20780800,9.48527700
10174333,55.19425900,10.21029800
10174406,54.98302080,12.28295850
10174546,55.49907290,11.17277890
10174635,56.46967900,10.08186700
10174708,55.68297720,12.57297280
10174775,56.06978410,12.55833000
10175003,56.19987500,10.23099400
10175151,55.67304630,12.58970610
10175232,56.12965700,10.12412300
10175240,55.81210000,12.38543200
10175488,55.95789100,8.94150600
10175534,56.20897150,10.27492710
10175577,55.72045000,12.44184600
10175607,56.44665400,8.76642500
10175984,55.08521100,10.75269000
10176077,55.67112200,12.53143600
10176271,55.68072700,12.52103830
10176344,55.63360300,9.41974690
10176387,56.50139600,8.37984900
10176409,55.54531500,8.82134000
10176441,56.65522100,9.62452900
10176530,57.25172550,10.23998610
10176638,55.75319860,12.57146720
10176670,55.75381150,12.56626090
10176697,57.11268200,9.51489000
10176700,56.95478540,9.43633570
10176735,55.81433500,9.12127400
10176808,55.72022200,12.57528700
10176972,55.96192700,11.88998990
10177170,55.74000500,12.50351100
10177197,55.39389990,9.53341950
10177243,55.64278500,12.29453800
10177448,55.27553000,8.98674400
10177685,55.98498600,10.08148500
10177782,54.91227570,9.88726430
10177847,55.87380400,12.35890100
10177928,56.27131220,9.72592670
10178134,56.23735700,10.21848190
10178177,55.76539820,12.58562480
10178673,54.77133000,11.50731600
10178878,55.87948900,9.52030000
10179033,55.89197020,12.34844350
10179084,56.13941730,10.19588570
10179114,55.76802200,12.23654200
10179386,55.79977100,12.58792900
10179483,55.62896400,11.64111800
10179491,56.20810900,9.97129600
10179602,55.37177790,10.05445040
10179637,55.35981700,11.26634300
10179734,55.62378500,9.78495100
10179815,55.42704400,10.43898900
10179939,56.66806200,9.80421100
10179955,55.73794200,12.55182300
10180031,54.80602600,11.77028900
10180171,57.37087800,9.82687800
10180279,55.81466500,8.38894700
10180384,55.79103070,12.46548790
10180600,55.46609910,10.60767050
10180937,55.69440730,9.54088600
10181100,55.44818810,11.81040240
10181240,56.47867900,8.59386000
10181305,55.86174500,8.98272700
10181380,55.34535200,11.12444790
10181682,55.64845200,12.39268600
10181887,55.12619100,15.12474200
10182077,56.14491400,10.19600000
10182093,56.03467800,12.61066600
10182174,55.42810700,12.14897000
10182182,56.98264120,9.85249540
10182670,56.15887400,10.20401600
10182948,55.51525800,10.42739800
10183103,56.17992200,10.13583800
10183138,56.71089480,8.73460910
10183219,55.40027090,12.30289560
10183294,55.43525900,10.58987300
10183383,55.76774400,12.57802900
10183391,55.67959900,12.57676400
10183502,55.25797640,10.67134880
10183642,57.02018120,8.68101280
10183693,55.50006360,8.39414820
10183839,55.71846600,12.59965800
10183995,55.75663700,10.26817900
10184037,55.65761060,12.51387040
10184096,57.05042900,9.43352100
10184533,55.68247100,12.53571090
10184576,55.67936600,12.57766600
10184894,55.82145290,12.48889320
10184991,55.26197000,9.90227290
10185130,56.95722940,9.38338210
10185181,54.97871440,8.86591080
10185386,55.51686820,12.05175100
10185491,56.29566500,10.42403800
10185513,55.49466400,9.80626600
10185572,55.70140270,12.58056210
10185602,56.25787770,9.85129160
10185637,55.68918650,11.65312040
10185831,56.27820600,9.94391900
10186005,54.92139600,12.17297400
10186048,55.53938000,9.54305500
10186099,55.47381000,9.48324000
10186102,56.15672080,9.53416330
10186196,55.04908840,9.42316450
10186242,57.04022750,8.65802160
10186838,57.25270000,10.96661800
10187133,55.85302950,12.49579350
10187303,55.77851000,12.51598300
10187370,56.19516500,10.67272700
10187478,56.53131600,9.21159540
10187486,57.37067300,9.89242000
10187834,56.28570900,9.55675300
10188075,55.26370100,9.34230300
10188245,56.47510800,9.08575900
10188628,55.36871300,10.39377800
10188695,55.15936300,8.90094700
10188776,55.09496980,10.24409920
10188830,56.96579000,10.10291500
10188946,55.23297700,10.17966100
10188970,55.70994300,12.57654500
10188989,56.22766500,8.87662900
10189071,57.52998200,10.14007200
10189233,57.40517810,9.92300740
10189470,56.08421600,9.78638100
10189586,55.94360900,9.11578600
10189756,55.76107870,12.57418260
10189780,56.03370400,12.61258300
10190045,55.22576800,10.63221400
10190339,56.33092900,10.02868990
10190495,55.69868400,11.49450600
10190878,55.96259200,9.57499600
10190983,56.14038800,10.20401900
10191149,55.19924100,11.61217600
10191181,55.77966100,12.36120700
10191246,55.67115400,12.57064690
10191300,55.78700900,9.52115600
10191394,55.63891600,12.07789540
10191505,55.34839970,12.22841240
10191696,55.54606610,8.34698570
10191793,57.15515200,10.34632200
10191807,55.66708980,12.59813200
10191998,56.60394600,9.80615500
10192005,55.40523460,10.38910480
10192137,55.67473440,12.56129420
10202299,55.33928300,9.27055700
10202302,55.37435200,9.25514300
10202388,54.99851880,12.13509390
10202574,55.37767500,8.85340600
10263573,56.45835100,9.97536900
10263638,55.30521820,9.96000750
10263786,55.94095200,8.40524300
10263905,55.54675900,12.02432100
10264030,56.19116800,10.67524400
10264081,57.18744800,9.69282900
10264235,55.70752600,11.76922800
10264294,55.46370170,8.48872500
10264545,55.71663000,10.00618200
10264618,56.47254700,9.63261400
10264901,55.23866580,9.50254090
10264944,56.20414400,10.26040600
10265231,56.45005800,10.28953100
10265282,54.91937660,9.82125100
10265290,55.66142300,12.34536200
10265479,56.65522800,9.55077000
10265576,57.52345900,10.42732900
10265649,54.91783400,11.06593700
10265703,55.68097000,12.58460800
10265770,57.24124900,9.88594400
10265835,56.88095500,8.58575000
10265886,54.88263600,9.72193800
10265894,55.75665920,12.49042130
10265975,55.49708640,11.98929210
10265983,55.05622690,10.61255920
10266017,55.67055210,12.58838490
10266084,55.67866500,12.57827000
10266378,55.31549520,12.29090910
10266394,55.36173820,9.86703150
10266505,55.92657600,9.64824100
10266688,57.17658000,9.66758400
10266696,56.77355300,9.34681100
10266831,55.46158300,12.02738200
10266947,55.69264500,12.48497400
10266998,55.81837400,11.43305100
10267005,55.10186600,9.10338800
10267277,56.15321410,10.20118120
10267404,55.07440500,12.02804300
10267447,55.70113960,12.57773010
10267986,55.71818210,11.70960500
10267994,57.44246600,10.00937600
10268109,55.77769170,9.69685330
10268230,56.10324280,9.90456470
10268249,56.63242900,9.81124500
10268311,55.71208550,12.56018200
10268486,55.28897300,11.27633600
10268508,55.67860650,12.59014420
10268648,56.63676500,9.49971700
10268680,55.81850190,10.05214880
10268702,55.86190700,9.85068400
10268885,57.02944100,9.89220100
10268893,56.76176400,8.82299800
10268907,56.19373940,10.24247700
10268915,55.99607200,12.53112600
10268974,56.03278900,8.38688500
10269091,55.71396700,8.59869400
10269407,55.89148900,10.17397700
10269490,55.76911600,12.13936600
10269830,55.67262200,12.54362100
10269881,54.93384700,8.87618800
10269997,56.01832200,12.05994700
10270278,56.15715900,8.92974100
10270294,55.71222370,12.38398010
10270308,55.77534230,12.49577340
10270472,55.98503610,10.15158940
10270693,57.11085000,9.85381900
10270715,55.04748100,9.42081000
10270731,55.09305700,14.74560200
10271002,55.41747100,11.34718300
10271045,55.51905600,11.20757500
10271185,55.84577700,12.44830600
10271231,56.80475700,9.02004340
10271290,55.39527900,10.38492300
10271339,56.27613000,9.38476900
10271436,56.27102900,9.27591800
10271479,55.72342600,12.57581740
10271487,54.93565900,10.71391300
10271495,55.68325890,12.53245080
10271592,57.09739400,9.52088400
10271681,55.61641430,12.58527430
10271908,55.27801360,10.10382480
10271932,55.34131000,10.49067500
10271940,57.07306800,10.13323000
10271983,54.99183670,9.28123490
10272181,56.29514100,10.51662700
10272246,55.68197700,12.55713500
10272688,55.87938210,9.35423420
10272742,57.03802100,9.85480100
10272831,56.53012770,10.70321200
10272939,55.92934510,12.30223460
10273005,56.04837440,12.37594740
10273080,55.68433680,12.50382980
10273099,56.11154300,9.50147600
10273102,56.17884400,9.78119500
10273188,55.81951100,9.43007700
10273242,56.03112400,9.31530000
10273293,55.38436060,10.42695750
10273641,55.46800600,8.89452800
10273676,55.52083800,8.76774300
10273684,55.55394000,9.21829200
10273730,56.79283500,8.69548790
10273803,56.31829060,10.18646780
10273838,57.71840290,10.57907600
10273900,55.72639910,12.55121430
10274133,55.20702000,11.55345600
10274249,55.51939600,8.41586200
10274338,56.07872200,8.57797700
10274389,56.18015600,8.56143290
10274419,56.36604100,10.17531400
10274508,55.94301500,8.78363400
10274648,55.47253800,12.18507200
10274796,56.78770100,9.30256600
10274931,55.66245720,12.52129470
10275040,57.04519990,9.91843960
10275105,56.12516800,8.93735900
10275148,56.70760350,10.12898500
10275180,55.73426010,12.38064380
10275199,55.60987100,8.49873300
10275407,55.11798400,14.70146100
10275512,55.72982800,12.44601800
10275768,55.76117300,12.57485950
10275997,55.70041400,9.51535600
10276012,55.76541100,12.19931300
10276071,56.59109970,9.01893740
10276519,57.24859370,9.62393750
10276772,57.06643900,10.10184200
10276780,55.73085300,12.42190500
10276802,56.96299100,9.26688500
10276934,56.15011500,10.19514700
10276985,55.68238470,12.59213210
10276993,55.74145690,12.49867100
10277000,55.68074170,12.53686380
10277035,55.09746500,10.24383900
10277078,55.71406720,9.72678780
10277086,57.45449550,10.12693960
10277175,56.04706020,12.59485030
10277507,55.80201300,12.45389900
10277558,55.70855700,12.52816400
10277728,55.67557360,12.57179060
10277809,57.41187840,10.52263760
10277833,56.17929900,10.13317700
10278287,55.71489700,8.96572900
10278295,55.77534230,12.49577340
10278376,55.66094690,12.56269000
10278430,55.81710670,11.99857890
10278538,56.63606300,8.81188200
10278546,56.80391100,9.50229800
10278597,55.71275300,12.44857400
10278678,55.67624270,12.59416660
10278694,55.62409400,8.51187500
10278708,55.69338340,12.48236100
10278813,55.67621450,12.54194400
10278848,55.73429870,9.54849300
10278899,55.10877600,14.70548400
10279003,55.68288400,12.57758900
10279097,57.32241800,10.52131400
10279135,55.27161300,9.52148390
10279178,57.43049870,9.99666820
10279194,55.62383900,12.37884600
10279232,57.59004470,9.95834130
10279283,55.77534230,12.49577340
10279291,55.51896290,9.72569070
10279402,55.74205200,12.56236600
10279488,55.68835460,12.59011530
10279585,55.58859400,11.17399400
10279607,57.45629790,10.01611400
10279674,55.28084700,9.20635400
10280087,56.22763900,10.24725600
10280095,55.80822600,9.42199100
10280389,56.26172360,9.86170550
10280508,55.42475220,12.14385440
10280583,55.76438720,12.56810960
10280680,55.48001420,8.42061240
10280796,54.85200600,9.25655500
10281032,56.34788200,9.93471800
10281172,55.09792940,10.24164850
10281288,56.28819280,10.58780150
10281296,56.69204230,9.49652360
10281377,57.40901600,10.52367100
10281512,55.69254500,12.58300900
10281598,55.94602600,11.86145990
10281741,57.01206570,10.04221720
10281830,55.67326900,12.53208000
10281911,55.68658590,12.58506470
10282004,56.57808700,9.04733300
10282136,55.67774100,12.20497100
10282144,57.09868210,9.16294230
10282187,56.23724610,9.08772350
10282306,55.47912500,10.62134000
10282438,55.38939260,10.38729920
10282446,55.65879680,12.29136650
10282608,57.58327400,10.14685600
10282705,55.45484210,10.37687330
10282845,55.76032440,12.45590580
10282977,55.92084280,12.29483400
10283132,55.88017600,10.15203900
10283175,55.76101200,12.56805100
10283183,56.01848660,8.11872670
10283191,56.03021700,12.11977900
10283337,55.75117000,12.57035800
10283442,55.80624100,9.69166200
10283477,55.47494200,8.55690890
10283582,55.42609100,12.14437100
10283728,57.58682000,10.19074200
10284007,55.52059200,10.02037000
10284198,56.76499100,9.98142400
10284546,56.54699100,8.97558500
10284635,55.47461600,9.79952900
10284848,56.17230200,10.19036000
10284937,55.83247900,8.47144700
10285046,55.73359540,12.58037000
10285143,56.35391300,10.57094300
10285186,55.78238350,12.35935960
10285208,55.83621600,12.56222500
10285291,56.42316380,8.30586680
10285372,57.11984400,8.60189690
10285380,55.48728780,11.97378280
10285399,55.69051320,12.57230410
10285496,56.50114800,9.75143600
10285801,55.30072440,10.78135370
10286298,55.44073690,9.94524860
10286301,55.67254160,12.56322910
10286441,56.14917280,10.20639530
10286646,55.54153000,9.76356600
10286735,55.10012200,10.24155500
10286891,55.72260400,12.42463900
10287278,55.65544490,12.33706920
10287294,55.77534230,12.49577340
10287480,55.71076520,12.39131860
10287545,55.68688300,9.67298000
10287804,54.95008300,8.88261700
10287839,55.55953220,11.48254850
10287847,55.65059240,12.53461230
10287979,55.96635900,12.50013800
10288037,55.57444240,9.75362080
10288096,55.47136500,8.45233900
10288207,57.04437800,9.89761900
10288231,55.52042600,8.79901000
10288282,55.67286500,12.54671300
10288347,57.02005300,9.90352200
10288444,55.65366600,12.63759800
10288479,55.83697100,11.48155500
10288649,56.18651220,9.57233620
10288673,55.88756500,12.53704700
10288789,56.73081420,10.10700790
10288975,55.49965400,9.50326500
10288983,56.16798600,9.56194200
10289173,55.76068070,12.53663910
10289297,55.47951700,10.01804300
10289378,55.97888700,9.20877300
10289408,56.54393760,8.54925460
10289432,55.07968930,10.29406170
10289505,55.26235050,11.66271950
10289548,55.75650900,9.85547900
10289637,55.67509040,12.54690520
10289785,55.16731060,11.15882730
10289793,56.39042150,8.58327150
10289807,55.68045630,12.57100010
10289890,55.64782600,9.46488300
10290147,56.53791600,9.02829100
10290198,56.16617520,9.54595660
10290244,55.38528600,10.43865600
10290287,55.66899010,12.57991990
10290384,55.38949350,10.38245930
10290430,55.49990550,11.98602750
10290511,55.66813300,12.60903100
10290546,55.10100000,14.70084100
10290570,55.42380630,10.38591240
10290600,55.68052200,12.54374700
10290813,55.66330670,12.39580530
10290937,57.59755770,10.41445950
10291178,54.93770200,11.20783990
10291186,55.72053100,12.57238400
10291194,55.70479200,9.30116300
10291372,55.46386200,10.40727200
10291445,55.45639950,12.18122090
10291534,55.35808300,10.34330750
10291593,55.25439100,10.06344400
10291615,55.76345700,9.69248200
10291682,55.93554000,8.78388400
10291690,54.99575440,9.89316930
10291747,55.50041570,9.26820220
10291895,55.31104800,11.48343600
10291909,55.67254160,12.56322910
10291976,55.69917000,12.49109600
10291984,55.96435400,12.41756200
10292093,54.99560900,12.27467100
10292212,55.70577300,12.53493500
10292409,55.68683520,12.55883160
10292433,56.23424500,9.67264000
10292441,55.75797120,12.50364440
10292476,55.42154800,10.37217500
10292581,55.66765700,12.59800900
10292743,55.92705830,9.86648150
10292883,56.08597600,8.27969000
10293383,56.02330430,9.56672150
10293774,56.01614000,12.52141800
10294037,54.90768420,9.79880300
10294096,55.85129840,9.81258360
10294185,55.19332200,11.57728100
10294193,56.14241520,8.98084020
10294231,55.39736790,10.38919590
10294274,54.81280600,11.29244500
10294339,55.01088690,11.90563320
10294401,56.26533030,10.06326850
10294444,55.69719510,9.53717000
10294533,56.16120610,10.20418760
10294576,55.82706900,12.42828000
10294673,56.65502520,9.80162850
10294835,55.46830590,9.09979480
10295203,55.23935800,10.53371300
10295378,55.96265750,12.53320040
10295408,55.68093100,11.10198870
10295688,55.36839370,9.05656300
10295696,55.79358900,11.52108900
10295815,54.96846000,9.95404200
10295890,57.72156800,10.57651100
10296005,55.27708740,11.72399720
10296048,56.81601270,9.02460270
10296188,56.03835700,12.24327200
10296331,55.22669900,10.11922700
10296374,55.32609600,10.80928900
10296390,55.59329100,10.19243090
10296404,55.50468100,9.75520190
10296471,55.83489100,12.40502000
10296536,55.82645100,12.48477000
10296579,55.83355720,12.42461230
10296714,54.95233800,10.00205000
10296749,57.02065840,8.67869270
10297044,56.96560560,9.25110320
10297176,55.67286500,12.54671300
10297184,55.89434400,12.50473300
10297400,55.08724200,14.90893300
10297435,56.41062800,8.80333700
10297516,55.76716900,12.59309700
10297699,55.51581300,8.37774530
10297745,55.66594060,12.51125420
10297885,56.70826500,9.42575600
10298148,55.53344400,9.47052000
10298199,55.90440900,9.19866400
10298474,55.81950700,12.36882900
10298490,55.23001900,11.77344800
10298601,56.98264120,9.85249540
10298644,55.40606100,9.54847400
10298687,55.09976730,8.54304680
10298709,56.25314000,10.07680000
10298717,55.36183800,9.02071000
10298881,55.84360120,11.68615270
10299047,56.22977190,10.31569590
10299195,56.38360800,10.51043900
10299306,56.15030300,9.94516000
10299578,57.08521790,8.99415590
10299640,55.68759040,12.59595520
10299756,55.66767300,12.51999400
10299802,55.38672830,10.43745070
10299837,55.60822900,9.38374400
10300088,55.77777300,8.29048700
10300142,55.59954600,8.79509800
10300193,56.04822500,12.16767200
10300207,55.66501400,12.62119900
10300371,55.46903280,8.44183200
10300541,56.47310980,10.54479670
10300649,55.12583300,11.95438500
10300703,56.06305000,10.17415800
10300797,55.32811700,11.93934000
10300843,57.44767210,10.01565910
10300991,55.32283020,11.62931520
10301246,55.82761340,12.34668590
10301343,56.48828720,8.21072710
10301394,55.39619900,11.32204200
10301440,55.23913400,9.27432700
10301483,55.56801000,8.82596200
10301572,55.60951800,8.51834200
10301599,55.03348360,10.65264590
10301831,56.35229100,9.52021400
10301904,54.84604400,9.40875990
10302072,55.87883480,12.49868220
10302234,57.20490240,9.66617200
10302277,57.04674090,9.91380380
10302609,55.00443010,11.91660260
10302633,55.68361800,12.58163650
10302714,55.97607590,12.39420690
10302749,55.42323990,8.65975690
10302900,54.91304740,9.80688580
10302951,55.71371700,12.56489700
10303036,56.41363400,10.87304990
10303095,55.28041580,9.19986670
10303168,56.05569400,12.24925900
10303184,56.61645370,9.49547020
10303214,55.69191600,12.51996200
10303281,55.55546000,11.57447790
10303303,55.75925400,12.60023000
10303400,55.76748840,12.49858580
10303478,55.53811200,9.77118400
10303494,55.53640100,12.18635200
10303680,55.67347490,12.59582320
10303699,55.07144340,10.21548630
10303702,55.67354310,12.59645790
10303877,55.67347490,12.59582320
10303974,55.67347490,12.59582320
10304083,56.70853000,10.12125200
10304296,55.54205400,8.47880400
10304385,55.56614530,9.75262310
10304555,55.67761600,12.51945600
10304571,55.76950640,8.90447710
10304776,55.52623900,10.40092700
10304784,54.94229100,10.71967500
10304792,55.69246400,8.39098100
10304903,55.68347180,12.57518010
10304989,55.50053830,11.98040150
10305047,55.96829270,9.74898430
10305136,57.04005970,9.97904180
10305217,55.66692800,12.62062890
10305276,55.55547970,11.39014630
10305403,55.81862400,12.37512400
10305683,55.51660920,10.27345410
10305748,55.55030600,10.09061600
10305802,55.56595200,12.60800700
10305934,55.92963700,12.26740600
10306043,54.89034560,12.04013200
10306086,56.53761700,10.14858900
10306175,55.46510300,8.49879990
10306299,55.45031300,9.63111200
10306388,55.40674900,12.17452700
10306434,55.73927550,12.56842580
10306442,56.56352860,9.03684060
10306507,55.31580300,12.40389300
10306574,56.65649300,9.84450000
10306612,55.81095200,12.49420900
10306876,55.41530300,11.56386400
10306892,56.23473570,9.88412440
10306906,55.67741460,12.57121100
10307074,55.77828000,9.71964100
10307104,56.20329800,10.28057600
10307287,54.79992990,11.62723750
10307341,55.71657600,10.00726300
10307384,55.49518500,9.72582000
10307481,55.77534230,12.49577340
10307678,55.53208400,8.46718100
10307732,55.50128300,8.44348310
10307791,55.47706800,11.54874000
10307848,55.40996160,10.33015520
10308275,55.73700300,8.84929090
10308348,55.27853900,8.73024900
10308380,56.13106800,9.54571700
10308445,55.04267840,9.41898770
10308534,55.71796610,12.42855560
10308542,55.24422600,9.95948600
10308593,55.79035700,12.59321350
10308895,56.32978410,10.37706240
10308933,55.04651500,9.42198900
10308976,56.36262700,9.43800100
10309042,55.96365800,8.67853200
10309093,55.94840690,8.50150750
10309182,56.14940930,9.03417580
10309247,55.71636000,9.11189700
10309379,55.32466400,11.13820600
10309506,54.90448900,11.88899500
10309670,55.46796850,8.44298690
10309735,55.19976900,10.38664500
10309875,56.12996200,10.16116890
10309905,55.71222600,9.53523200
10310040,55.84910200,9.77314600
10310237,56.41430600,10.87736200
10310245,55.86354000,9.84837100
10310288,55.35679800,9.19963500
10310474,57.45659570,10.01375100
10310679,55.42333500,8.38429100
10310830,56.92003200,9.69120200
10311179,56.02809200,9.22254900
10311233,54.93025700,11.94729700
10311241,54.85475300,11.85634300
10311438,55.81309800,12.52485300
10311578,55.67498300,12.44690200
10311608,55.26359600,11.92167700
10311632,55.68192450,12.58349270
10311675,55.68244700,12.55112400
10311748,55.72742400,12.32324000
10311942,54.82585700,11.15569300
10311977,56.42326700,8.49677500
10311985,54.93706200,9.91151300
10312035,54.95418290,9.72777790
10312108,55.68702910,12.46041500
10312175,56.41703800,8.89600200
10312183,55.98895000,8.53702300
10312345,56.65099150,8.52706010
10312434,56.29660630,10.14663610
10312493,56.16877800,8.76930600
10312574,55.87103080,9.82180640
10312590,55.96282500,9.40299100
10312604,56.37420230,8.39852670
10312779,55.72238000,12.44196790
10312817,55.48740800,12.12901800
10312949,55.56647860,10.08664310
10313074,55.46503700,8.44714260
10313082,55.92614890,9.82956840
10313171,56.79628600,9.51041500
10313228,55.92084280,12.29483400
10313309,55.68040000,11.08886200
10313597,57.42670200,9.90504100
10313678,55.33233300,8.87877900
10313775,55.82775890,12.43655010
10313880,55.46095600,12.18416950
10313899,55.72463300,12.37802800
10313902,56.07702900,12.11327600
10313937,56.22814210,10.31130520
10314038,56.82120300,8.78462800
10314046,55.46512400,8.67908900
10314100,55.73292400,12.57939700
10314135,55.29270800,11.42728200
10314240,55.75479300,9.37995500
10314305,54.83821560,11.11108430
10314372,56.79573150,9.53468280
10314445,55.78487950,12.50087840
10314534,55.72041090,11.71362100
10314593,55.67513400,12.53538300
10314682,55.35600700,10.32745900
10314798,57.72523800,10.56239700
10314801,54.73966800,10.71253900
10314879,55.57766500,10.33775200
10315034,55.93177700,9.92675590
10315077,55.42785800,11.79219300
10315409,56.46837500,8.53771400
10315484,56.32156050,8.64093900
10315492,56.27201220,8.32186310
10315506,55.87868510,12.50197620
10315514,55.72270700,11.45045900
10315581,56.34400700,8.46685400
10315948,56.76933700,8.83600200
10316081,55.43691700,10.41069100
10316340,56.33409400,10.16828300
10316472,55.74030400,11.90786800
10316502,55.73321820,12.56406050
10316782,56.06746000,12.20365900
10316790,55.61266000,12.45311800
10316944,55.11387050,10.27223640
10316979,55.87883480,12.49868220
10317134,55.71535600,12.54994600
10317207,54.76177000,11.83242000
10317215,55.29008700,11.46563400
10317312,55.57309560,12.22235030
10317444,54.76469580,11.87661420
10317630,55.73408900,12.39148100
10317894,55.91187970,11.59639100
10317959,55.96605580,10.55278070
10317975,55.85216100,9.85554640
10318033,55.73269080,12.57567470
10318173,55.81464400,8.29434900
10318246,55.64059750,12.09533100
10318335,55.61665400,12.42968600
10318432,55.30070200,10.39994600
10318483,54.86246000,9.28368300
10318807,56.94314560,8.59661440
10319242,55.96683400,12.41763690
10319382,56.46454800,10.03243000
10319641,55.67969100,12.59881300
10319676,55.86327900,9.47828500
10320046,54.75110710,11.88085850
10320070,57.33985830,10.23966060
10320232,55.72062900,12.50948400
10320275,56.62056400,8.74130000
10320283,55.68867410,12.53535570
10320305,56.23015800,9.32099800
10320372,55.68633220,12.59488210
10320488,55.68192450,12.58349270
10320496,55.80213500,12.48396800
10320631,55.23822600,11.51430390
10320879,55.41051200,11.68734800
10321336,56.03888800,12.59149700
10321395,56.56736800,8.90343300
10321484,55.83982800,12.39390640
10321530,55.54790370,9.61821450
10321670,57.44293800,10.54522600
10322073,56.44427200,10.61783900
10322111,54.81730300,10.67353500
10322235,55.64092330,12.08787920
10322294,55.55445760,11.48014650
10322375,56.43690030,8.20198600
10322472,55.06122240,10.61380940
10322480,55.70998550,11.73965730
10322553,55.68032520,12.55523020
10322871,56.49315750,10.65054460
10323002,57.06737440,9.95117700
10323096,56.14813200,10.20319800
10323177,55.99563140,11.97015320
10323304,54.91036400,9.89319000
10323398,56.38863700,8.65925000
10323533,55.42014500,9.44849200
10323673,55.68828600,11.36039600
10323711,55.69073600,12.57811600
10323835,55.77534230,12.49577340
10323843,55.68212510,12.58598380
10323878,55.22553200,11.75365000
10323991,54.78300500,11.87596700
10324246,56.33851900,9.54314200
10324270,56.00188130,12.54069130
10324289,55.35671770,8.85853690
10324408,56.56960300,9.02833100
10324475,55.56196000,11.95215600
10324785,55.67140570,12.57429200
10324882,56.26494800,8.77847900
10325048,56.57369410,9.03504870
10325102,55.90025300,12.25699590
10325285,55.75399980,12.54137350
10325471,56.13615480,8.96847330
10325595,56.80733600,8.70355900
10325609,55.77950200,12.32840900
10325641,56.98427100,9.85740300
10325838,56.46351000,9.40438300
10325889,55.85591250,9.85937560
10325943,56.86916720,8.73710000
10326001,55.23423170,10.48960380
10326176,57.72319700,10.59214700
10326443,55.69973000,12.59987600
10326478,55.90946130,12.52459240
10326494,55.67339950,12.56011610
10326605,55.74013700,12.56545280
10326672,57.72116130,10.59388950
10327008,56.07903100,12.45476000
10327075,55.29865900,10.45323300
10327091,55.72342600,12.57581740
10327199,55.77534230,12.49577340
10327245,56.81377200,8.44190600
10327296,56.61584500,8.97808200
10337380,55.39974400,10.70769500
10337585,54.94178740,8.85238180
10387949,55.32198000,12.30279500
10388406,56.97928180,9.63266700
10388503,55.35160700,9.90124990
10388678,57.36731600,9.83303300
10389135,55.09709300,14.83070200
10389143,55.09470700,10.44261900
10389194,55.39791580,10.38826330
10389232,55.49944260,11.97696160
10389372,56.13261730,10.11385410
10389445,55.76375600,12.50840200
10389941,55.72023800,11.71523200
10389984,55.32968400,11.14052600
10390109,57.39720600,10.41865600
10390117,55.68134100,12.58793590
10390214,55.67895100,12.56643890
10390311,55.68175100,12.57727900
10390370,55.68886230,12.55844910
10390443,55.75220190,11.32876590
10390486,55.71331700,11.87852090
10390931,55.13560900,10.62528500
10390990,55.73710700,12.29153900
10391237,55.11762160,8.75454130
10391385,56.28782530,9.35863500
10391474,56.89685000,8.52563800
10391482,56.15543800,10.16750800
10391539,55.77534230,12.49577340
10391598,55.75203900,12.30229900
10391717,56.29733800,9.78947600
10391776,55.71511520,11.46213770
10391849,55.22387740,10.37052380
10391938,57.04347530,9.92566870
10391946,56.53760400,9.98008800
10392098,57.25255100,11.00280000
10392195,55.67041100,12.53829800
10392276,55.76756720,12.57386980
10392349,55.40369670,11.35577290
10392403,54.97967950,8.86953470
10392438,55.77143800,8.31577200
10392500,56.19094400,9.65124100
10392608,54.57255400,11.93722500
10392632,55.35332100,10.23386700
10392780,54.92262800,12.16745100
10392942,57.26846900,9.95935890
10392985,55.70709500,9.53937900
10393108,56.06152000,8.62093200
10393205,55.42435900,9.83025600
10393248,55.81143100,11.49820500
10393590,55.67667900,11.15489300
10393671,55.85087930,12.56708050
10393701,55.32380340,11.93693870
10393744,54.80702500,11.87263100
10393884,55.88283800,9.63045500
10394104,55.94751770,12.44547130
10394139,56.00593040,12.10935580
10394228,55.68236000,12.57551990
10394236,55.46457050,8.45333220
10394252,55.75609150,12.46192170
10394309,56.61760800,9.49809500
10394481,57.58970700,9.95667600
10394503,57.46030100,9.98659300
10394538,57.46030100,9.98659300
10394783,56.69142000,8.90478100
10394791,55.03376400,9.36041400
10395003,55.07331900,9.32634590
10395143,55.42405300,10.51472800
10395208,56.15144400,9.91656600
10395283,55.68134100,12.58793590
10395402,55.54087400,11.59218190
10395801,55.04254280,10.57357780
10395895,55.72078070,12.42577820
10395933,56.17056080,10.19032710
10395984,55.37727100,10.05427000
10396034,55.72154700,12.52731300
10396050,55.52847340,11.88446770
10396093,55.77534230,12.49577340
10396131,55.69979940,12.57900420
10396387,55.69870710,12.57892600
10396506,55.67431800,9.59531200
10396549,55.96850200,12.39112400
10396735,55.93091300,12.28565800
10396840,56.20622500,8.18867900
10396948,55.65673060,12.35484020
10397200,55.46778260,9.47592230
10397642,57.42766920,10.08099390
10397804,55.55154400,12.12694800
10397936,55.66331800,12.47347300
10398045,55.24897000,10.48542300
10398088,55.94740200,11.86258700
10398207,55.64488490,12.45764330
10398290,55.91875970,11.67448950
10398355,55.67663700,12.54185140
10398401,55.67169800,12.57790400
10398606,55.72378570,12.43915450
10398932,55.20557300,9.47553900
10398975,56.17513700,10.20190100
10398983,55.48672870,9.46661900
10399238,55.68015800,12.58378500
10399378,56.67151000,10.06115800
10399580,55.83973300,12.26771500
10399602,56.34966950,10.41210770
10399696,55.83831730,8.89682360
10399742,55.74173700,12.43011000
10399785,56.40922900,9.36883600
10399793,54.87517000,10.35138190
10399807,56.02448900,9.48306800
10399882,55.58883500,12.67847700
10399904,55.69725800,11.07154000
10399998,55.25116300,11.56346300
10400597,54.68037200,11.58768700
10400686,54.83363650,9.34128760
10400732,55.49347290,9.11330870
10400902,55.95954700,9.55533000
10400988,55.11868700,14.70911600
10401070,55.31524000,11.89128500
10401097,55.29595100,12.39287900
10401100,55.08796800,10.10372300
10401186,55.25312350,11.29483420
10401208,56.53102500,8.91246700
10401291,55.90723600,9.06999400
10401372,55.64358470,12.47848280
10401437,56.73752100,9.63578300
10401488,55.68153970,12.55522270
10401674,55.33482500,10.36261700
10401682,55.70965300,9.59255400
10402034,55.43524510,10.07308550
10402093,55.51631400,9.45246700
10402107,57.22703100,9.62733600
10402174,56.34691300,9.75225100
10402204,56.15397300,10.21049700
10402344,56.13963800,10.14391900
10402379,56.25592000,8.56274600
10402441,56.34423700,10.85670200
10402476,55.88541600,9.56383100
10402581,56.14904940,8.93375990
10402646,57.05954700,9.92181100
10402719,55.73300240,9.11243900
10402786,55.81429800,12.52625500
10402816,55.81473200,12.53023800
10402883,55.63226700,11.48615100
10402980,56.13676300,9.14210800
10402999,56.00869100,12.58145300
10403103,55.17166400,14.91315200
10403219,55.67339950,12.56011610
10403596,55.68695690,12.58579340
10403677,55.50449900,8.40321100
10403782,56.19669970,10.18024830
10404207,56.12115700,9.29506300
10404231,56.10685400,10.07752000
10404444,56.06926400,9.99788800
10404746,56.36740000,8.63790900
10404754,55.65280300,12.61111700
10404878,57.03261700,9.89025000
10404916,55.67463740,12.56566770
10404991,55.69032690,12.58913070
10405017,55.82932500,12.52868600
10405033,56.15723460,10.20851420
10405084,55.72954900,12.52422700
10405106,56.05243500,12.29820900
10405173,57.60144600,10.41865400
10405475,57.38271900,10.10341100
10405483,55.80489820,11.40868780
10405580,56.12896150,8.89808170
10405599,55.81527300,12.35401200
10405807,56.19318300,10.10828500
10405890,56.30186700,10.30651400
10406048,55.69460000,8.83771110
10406072,55.97016230,12.39919110
10406188,56.15451540,8.97525320
10406439,56.14018020,9.16158040
10406501,57.24455300,9.91631500
10406544,56.34015000,9.87127690
10406749,55.10281180,10.27441650
10406803,55.79406100,9.81161090
10406846,57.27884500,10.93551300
10406889,55.67846900,12.58342400
10406943,56.15730180,10.19519050
10406994,56.00410400,9.91062200
10407036,55.48279600,9.01612100
10407192,56.18440200,10.19157200
10407702,55.59583500,12.16807000
10407745,55.65557300,12.37670000
10407788,55.62802500,11.15303100
10408334,57.12422300,9.41900600
10408571,55.76115260,12.57095180
10408830,54.98424800,9.91362360
10408946,57.14473500,9.47357400
10409012,57.10325000,10.02631900
10409357,55.81352030,12.39216540
10409446,55.73704400,12.54495200
10409691,56.15305000,10.20567000
10409780,57.72863710,10.52570730
10409802,55.72712600,12.57689000
10409896,56.15628760,10.20785680
10410002,55.77534230,12.49577340
10410401,55.98654600,10.16954600
10410495,55.11483200,9.42893300
10410738,55.30237100,11.28858900
10411092,56.06763100,8.47631300
10411297,57.10927100,8.61926300
10411378,56.56095300,9.71555600
10411408,55.51477600,10.41939800
10411572,55.52611100,9.47301390
10411599,56.40967800,8.59913300
10411696,55.99815300,12.26229700
10411912,56.24941800,10.07611400
10412099,55.68433680,12.50382980
10412439,55.65298580,12.30143810
10412749,55.67933310,11.08595190
10412773,56.03747900,8.11582490
10412838,55.60218300,11.71652900
10412870,55.50260410,12.19100390
10412935,56.46136700,9.52976990
10413141,55.73661460,9.10057710
10413338,55.86584130,12.24177880
10413478,56.22899300,9.31610100
10413494,55.39922100,10.37170100
10413591,56.95213580,9.84442170
10413648,55.64356900,12.10431700
10413702,55.00015100,9.04280000
10413907,55.64839400,12.61366900
10414040,55.43915060,11.79881410
10414210,57.38111680,10.01175390
10414296,55.69954900,12.59132500
10414393,56.14290300,8.93494900
10414431,55.84211800,12.50423000
10414474,56.09004210,12.45470160
10414482,55.79161100,9.57899800
10414601,56.64387710,9.79585580
10414687,55.69484100,12.51419100
10414830,55.95818400,9.22522200
10414873,55.15427700,8.76371000
10414946,56.21860600,9.00901200
10414970,55.18989900,10.02933600
10414997,56.54053000,9.89598900
10415187,55.60159700,8.79088200
10415497,57.43828610,10.51833720
10415640,56.30628000,10.69230600
10415675,55.74217700,11.93645300
10415837,56.79403830,8.85727020
10416175,55.19544940,11.75894240
10416337,55.68347180,12.57518010
10416493,55.99463700,12.03659600
10416558,55.68506670,12.55901690
10416647,55.66005950,12.19335670
10416698,56.08549700,10.04179400
10416736,55.74688060,12.54122610
10416841,55.81435500,9.80944800
10416930,56.17992200,10.13583800
10417201,56.03375160,12.10381050
10417333,55.34862300,10.26969500
10417376,56.08105730,9.76570380
10417430,55.76293700,12.35003900
10417473,55.50234700,9.53569000
10417511,56.51192200,10.83710100
10417775,56.44879300,10.15818900
10417805,56.30882500,10.24952900
10418135,55.49169800,11.86212780
10418283,55.62352910,11.36016500
10418488,55.88600900,12.34821400
10418542,55.61060600,12.46726600
10418607,56.21901690,10.67202620
10418836,55.32801640,11.96351960
10418879,55.56266520,9.24103920
10418887,57.45361450,9.99233880
10419034,55.97645000,9.62253800
10419077,57.02785360,9.90947400
10419409,55.70276750,12.49754140
10419875,54.73283100,11.96575090
10419891,55.68213160,12.59317970
10420008,55.28226900,9.23940700
10420040,55.90129200,9.49285900
10420075,55.72842700,12.57266000
10420172,55.76508000,12.58589040
10420288,55.88561600,9.70477600
10420334,55.72847100,12.51570100
10420342,57.11103800,10.30471200
10420547,55.52101340,8.35874190
10420644,56.25406500,9.86250900
10420695,55.82763630,9.85813830
10420776,55.37082000,12.21312000
10420806,57.35342000,9.96132500
10420970,55.83621500,12.41175000
10420989,55.47272400,8.45089700
10421306,55.61255400,12.10215000
10421608,55.44004490,8.39815090
10421837,55.72129100,11.75180820
10421845,55.73507300,12.58219190
10422035,55.60573280,11.97471910
10422078,55.26382640,9.48322890
10422205,55.65603000,12.37774100
10422280,55.68793590,11.05080710
10422345,55.81945700,12.36836100
10422485,55.27231600,10.11127000
10422515,55.67339950,12.56011610
10422671,55.66633400,12.51403500
10422930,55.66347380,12.59785090
10422949,56.21551500,9.01231600
10423058,55.68118800,12.54963200
10423104,54.89970420,9.82210950
10423139,55.72031970,12.39470370
10423198,56.56462320,9.03312810
10423511,56.00076020,12.57141800
10423570,55.40110500,10.39029100
10423635,56.15485430,10.20445630
10423643,55.58287420,12.64255770
10423686,55.36094120,10.33824120
10423880,55.41998200,10.29141690
10423988,55.53505600,11.90508900
10424097,55.59311100,12.19163300
10424100,56.23080400,10.45749200
10424232,55.67906330,12.56657630
10424240,55.67906330,12.56657630
10424313,57.00727150,9.93598660
10424542,55.81495600,12.37640300
10424976,57.04887500,9.96468500
10425174,57.45610600,10.00891800
10425204,55.70175580,12.57076970
10425247,55.73009900,12.46736100
10425379,56.18955800,9.57572700
10425530,56.18721930,10.21127090
10425549,54.91304580,9.77890060
10425808,55.71526190,12.21308110
10425875,55.66750400,12.56137300
10426103,55.56159400,11.45179860
10426235,57.55507300,9.93571400
10426243,57.45375600,10.52226500
10426278,55.08766300,8.54782100
10426286,55.53298800,11.58854100
10426472,57.07981000,10.08615300
10426545,55.58538470,12.31113540
10426634,55.98387330,9.28954460
10426707,56.41395910,10.87471210
10426774,56.15493300,10.15440400
10426804,56.35160330,8.71501440
10426871,56.77115500,8.35328700
10426987,56.75274300,9.86523700
10427207,55.97217980,12.02261470
10427339,55.50282320,9.43915950
10427452,55.66582870,12.59962860
10427509,56.78999300,10.25155300
10427681,55.40238700,11.61010200
10428149,55.64215600,9.66568300
10428173,55.05776280,10.60985240
10428572,55.70743500,12.48565500
10428696,55.72041100,11.71592890
10428785,55.67867060,12.53308890
10428874,55.25276400,11.79544500
10428939,55.00681260,12.41527900
10428947,56.02253000,12.19141000
10429471,55.93676200,8.72524100
10429544,56.38419760,8.59570450
10429595,55.94692580,8.49879740
10429803,57.37288900,10.05005100
10429846,55.68939120,12.55665280
10429900,54.72281100,11.65099400
10429935,55.15370700,10.65091290
10429994,55.34150700,10.29603700
10430208,55.68301000,12.59261330
10430240,54.75490800,11.89037300
10430348,56.16898500,8.64101900
10430399,55.25061840,9.48453880
10430402,55.14870200,9.45854400
10430410,55.78163000,12.48445000
10430496,55.75568100,12.11089700
10430577,55.71431100,11.70192300
10430798,55.50660900,8.46714500
10430933,57.11162900,10.03100890
10431077,56.32371600,9.93902700
10431174,56.12615900,9.86175190
10431395,55.79058400,9.37915500
10431514,56.06580200,9.89766800
10431530,55.86072480,9.81128440
10431700,56.11881000,12.25624000
10431832,55.70804820,11.53057460
10431875,55.25704570,10.67215650
10431883,55.96702000,9.74935000
10431905,55.81502900,12.38584700
10431948,55.04444800,10.57959600
10431980,55.59117710,12.65148660
10432138,55.42548900,10.33516200
10432294,55.53865400,9.36584200
10432332,56.43256400,9.39132240
10432391,56.31296200,10.04018600
10432502,54.81822300,11.92472600
10432537,56.48399600,9.90993700
10432707,55.72812320,12.56875280
10432839,55.37576500,9.05513400
10432928,55.77534230,12.49577340
10433053,55.75285560,12.46790920
10433134,55.87027800,12.35503730
10433231,55.88456600,9.78477000
10433274,55.60701600,12.60777800
10433290,55.77555010,12.57422620
10433487,55.66572160,12.44177920
10433835,55.78099700,9.46050400
10433886,55.59746200,11.97551090
10433932,56.45923800,9.36818400
10433940,56.12497190,10.16359700
10434130,55.76233090,12.59585060
10434181,55.68247860,12.59364740
10434238,55.96736000,12.41455700
10434270,57.02561100,9.97335700
10434300,54.82761100,9.34243400
10434475,55.68343790,12.57263560
10434645,57.45897700,10.01391400
10434688,55.29519060,10.41930700
10434742,55.68193690,12.59089200
10435072,54.85637500,11.87790100
10435196,54.87589000,11.94694290
10435293,54.87551900,11.85606600
10435447,54.92007390,11.81806190
10435498,54.89224100,11.88304800
10435587,56.53910100,8.57077300
10435633,57.27095400,9.73000000
10435854,55.69599320,12.45547770
10436095,56.13387800,9.56421200
10436109,55.69197900,12.58134800
10436176,55.57362110,10.11443100
10436184,55.35548400,9.89094400
10436540,55.61092700,12.47685700
10436575,55.84350620,9.81534680
10436737,56.45148200,10.60419690
10436982,55.51151880,8.40258960
10436990,55.66214900,8.77488600
10437032,55.50909200,8.51081300
10437288,55.61838070,8.48188820
10437296,55.78867920,12.53769220
10437334,55.24247100,10.53201560
10437571,55.64119000,12.08428270
10437598,55.65889500,12.63378790
10437636,57.05483900,9.89838200
10437784,56.08168700,9.23641900
10437849,55.48011800,11.85434600
10437970,56.18695630,9.57124570
10438411,55.68286820,12.57313020
10438780,55.86732300,12.33905800
10439000,55.45789890,10.66248150
10439035,55.10283270,14.69606020
10439116,55.83574250,12.52853120
10439434,56.74024000,9.43085800
10439485,55.65224000,12.21954900
10439531,55.59821300,11.68331200
10439590,55.71155590,12.30590570
10439647,56.18376890,10.23409290
10439698,55.75775960,8.92040540
10439779,57.27506500,9.67261600
10439809,56.46575700,9.42037700
10439841,54.93205200,9.72839500
10440033,56.10623600,10.11081800
10440076,57.25508800,10.02481800
10440173,57.01445500,9.94144500
10440238,57.43046520,10.51304570
10440246,55.67251400,12.43845900
10440289,56.04816590,9.95509340
10440297,56.14322580,8.97210780
10440319,55.68568740,12.46172290
10440548,55.87089910,9.82178160
10440602,56.42673500,8.31155800
10440742,55.68021800,11.08955200
10440831,55.85828600,9.24942190
10440947,55.86040600,9.85069900
10441080,56.27720850,8.32497360
10441099,55.47123300,8.49476700
10441285,55.70234660,12.43787330
10441374,55.81287900,12.35078800
10441404,55.46833270,8.43796160
10441544,55.68225680,12.57077630
10441692,54.91668200,9.71817890
10441749,55.67380700,12.56580900
10441846,54.73799600,11.87644200
10441986,55.11342500,10.55247990
10442184,55.23904600,10.80667000
10442281,54.92864500,9.95787400
10442346,57.06516000,9.69679900
10442486,55.70996000,12.59107100
10442540,55.07529700,10.61021300
10442583,56.17112780,9.03217730
10442672,55.60062940,11.50062910
10442699,55.97488420,9.61257430
10442907,56.45005800,10.28953100
10443237,56.09167020,9.54775590
10443245,55.16943100,9.32102630
10443296,56.44521900,10.89563000
10443555,55.78396100,12.45826700
10443989,55.72053100,12.57238400
10444004,56.78697900,8.39146390
10444187,55.67913600,12.60515900
10444403,54.69705480,11.38648440
10444608,56.31806200,10.80739000
10444934,55.73031660,12.46770450
10445272,55.70452400,8.75518170
10445434,55.74983000,12.31021000
10445531,56.65035400,9.04859800
10446031,55.72828000,12.40123660
10446147,55.36540650,10.49064450
10446538,56.54936600,9.06424600
10446600,54.90693740,9.90791720
10447305,57.04784460,9.91591170
10447887,55.59092650,9.76922850
10448077,56.82342800,8.64871000
10448239,56.63836900,8.95134800
10448298,55.56585330,9.69637590
10448603,56.56559850,9.02692490
10448808,55.58046800,9.60723100
10448832,56.65887900,8.78741400
10448948,57.00443600,9.73040300
10449472,55.28246450,10.05569000
10449588,55.68405050,12.58201540
10449774,55.59594300,9.76866890
10449790,56.95885100,8.71322700
10449871,55.95782520,8.49474950
10450691,55.63927100,12.07690900
10450713,55.42110100,9.14125200
10450977,55.26954500,12.36390100
10451019,55.40587650,10.38141380
10451493,56.95439600,9.70701300
10451582,55.70967770,12.57719490
10451728,55.36822550,10.42663400
10452090,55.26187800,12.32645700
10453194,57.16355300,10.11536100
10453674,55.49570420,11.97413350
10453828,55.44744000,10.35422700
10454433,56.88700600,9.68484800
10454689,56.04185800,10.19051400
10454816,55.35676300,10.18671500
10455537,55.72637490,12.58017000
10455804,55.16100500,10.66341100
10455898,57.07964900,10.16604800
10456630,55.99423070,12.03772970
10456770,55.64660950,12.29885110
10456886,55.54414940,10.65871460
10456932,56.43543900,10.21753000
10456975,56.06929000,8.72513400
10457033,55.39670370,10.39147080
10457041,55.76598290,12.40220540
10457149,55.46303300,12.05836390
10457238,55.55633600,9.67196800
10457386,55.54224000,11.22277600
10457548,55.43275790,12.06126820
10457602,55.45771600,12.03544870
10457637,55.74045600,12.58104400
10457998,55.76181680,12.50716750
10458048,55.57306610,12.24181050
10458137,55.66407190,12.10811070
10458234,55.16007820,10.35266030
10458374,55.51281400,8.41124100
10458471,55.60960690,12.09290070
10458587,57.46332700,10.01915300
10458838,55.11157300,10.23609400
10458943,55.45932000,9.47088600
10459192,56.16272050,9.53690110
10459397,56.03152170,8.85210600
10459931,55.14473800,11.86604800
10460034,55.24852700,10.22050400
10460301,55.35182780,10.76192680
10460492,55.50154140,10.65243100
10460794,56.53555000,8.27135800
10460808,57.08360600,9.25659800
10460913,55.23171800,11.76515100
10461030,55.67860650,12.59014420
10461189,55.01763260,11.90562800
10461588,55.59200000,12.63329600
10462371,56.10640600,10.16554100
10462401,55.50711110,9.72730160
10462584,57.02232000,10.00781300
10462703,55.64385400,12.39831390
10462908,55.88940600,10.14128000
10463084,55.69037300,12.52639700
10463130,56.08646400,8.62153800
10463173,56.02341400,12.26067200
10463408,55.66491320,12.33123710
10464072,56.45442000,10.81145900
10464196,57.45385200,10.49095100
10464277,56.19972700,10.20589300
10464528,55.00273900,11.89718160
10464579,56.14018020,9.05532730
10464773,55.81149640,12.53725210
10465133,56.19833740,10.22738550
10465540,55.33865000,11.12373850
10465893,56.45923800,9.36818400
10465915,55.25609000,12.37448110
10466105,56.17056080,10.19032710
10466148,55.68171840,12.39108340
10466377,55.69548900,12.58902600
10466474,55.72710400,12.58686290
10467071,55.40620300,11.36098500
10467373,55.77251330,12.50083790
10467489,56.87328300,9.39498200
10467594,55.61802360,12.65076280
10467934,55.68196660,12.57119700
10468388,55.39505200,10.38288920
10468817,57.38631900,10.01603400
10468876,56.15093620,9.99442050
10469333,55.97278820,10.23387080
10469546,57.50844500,10.03970500
10469600,55.26006600,10.35752400
10469694,55.72067530,12.57346280
10469708,55.92622600,10.16376000
10469805,55.84407500,9.81697990
10470005,57.04855700,9.91726890
10470218,56.14818700,10.52088550
10470277,55.68621990,12.56115720
10470293,55.92741300,11.55395000
10470358,55.80201300,12.45389900
10470374,55.68023400,12.58702300
10470404,55.62155800,8.47649590
10470447,57.25047280,9.61889660
10470641,55.97035900,9.16216800
10470706,55.56180100,8.55303000
10470730,55.61872100,9.79283700
10470781,56.38859000,8.52256500
10470943,55.67673800,12.58881900
10471184,55.54415500,9.48216900
10471192,55.06449200,15.12034900
10471699,55.82194170,12.36975090
10471702,55.40424000,11.32079200
10472008,55.12558230,10.23029460
10472016,56.87706200,8.67593500
10472040,55.73161500,12.46618900
10472083,55.69312100,9.55985100
10472172,55.76887670,12.55833680
10472199,56.35718410,8.61446500
10472512,56.37339500,9.61466600
10472539,55.67843600,12.57409600
10472687,55.39324800,10.38341500
10472733,55.60334700,9.32195500
10473314,56.59009910,9.51652880
10473594,57.16350100,10.27995300
10473640,56.16530040,10.18828120
10473780,55.90749800,8.51998300
10473799,56.70179040,8.21590440
10473802,55.88747500,12.51100900
10473896,56.13076940,9.70098590
10474035,55.51860200,9.78985600
10474299,55.67399100,12.57365900
10474531,55.70706100,12.59454700
10475090,55.64544700,11.14562800
10475104,56.97100100,9.78771500
10475198,55.77489500,12.09480400
10475309,57.12847500,10.34482500
10475341,56.17565660,9.54663500
10475481,56.85107340,9.69567920
10475651,55.31060260,12.37409060
10475686,56.46151600,10.04473000
10475791,56.86115840,9.84346430
10476305,56.02401700,8.38104000
10476380,55.20001290,9.55375100
10476488,55.70062320,12.53078440
10476674,55.66269000,12.48071800
10476682,55.10996800,10.71318400
10476747,56.53816600,9.03401500
10476771,56.53816600,9.03401500
10476798,56.26613600,9.87061460
10476984,56.96705660,9.25305760
10477085,55.67866500,12.57827000
10477298,55.23593010,11.74671900
10477328,55.82231200,9.93551600
10477468,55.66519160,12.16367260
10477530,55.60772200,12.48143400
10477549,55.78860020,12.46851790
10477603,55.67914540,12.58388590
10477786,55.98630300,9.29131000
10477972,55.78224060,12.36599790
10529042,55.72053100,12.57238400
10529085,55.68835460,12.59011530
10529093,56.42589500,10.88226300
10529204,55.73053560,11.63268370
10529409,55.10303380,10.23054980
10529476,57.26800010,9.94678420
10529484,55.51611100,10.39779600
10529638,55.67378180,12.55412980
10529786,55.12873910,10.50299820
10529808,55.47596460,10.26916260
10529840,55.00085100,8.80227200
10529948,55.49305540,8.91322040
10529999,56.15759000,10.20640800
10530008,56.19795300,9.90650600
10530075,55.51466500,10.16870400
10530202,54.91949310,9.77531180
10530288,55.74402970,12.54525490
10530296,55.63618500,11.45722500
10530342,55.56142100,12.25678400
10530474,56.15287390,10.17428820
10530539,56.31891800,8.43556400
10530547,55.88122600,12.49048100
10530598,57.04129890,9.93922240
10530849,57.27886300,10.20655800
10531233,56.41599500,9.41162700
10531403,55.67339950,12.56011610
10531438,56.67776300,10.07174700
10531640,55.08557800,8.55752700
10531675,55.82868000,12.57338800
10531772,55.64194800,9.28619100
10531837,55.29517230,10.22351360
10531985,55.12417630,12.06507330
10532183,55.68692730,12.56641320
10532205,55.54938900,12.23992900
10532213,54.91274800,10.74362600
10532299,55.56176800,12.24539000
10532388,56.21657200,10.09510900
10532396,55.39736790,10.38919590
10532418,55.93321200,8.78333700
10532485,55.63784260,12.07932450
10532590,55.58554000,11.46188190
10532736,55.67473440,12.56129420
10532809,56.04306400,12.25160200
10532906,55.85265800,11.57975400
10532949,55.29074000,11.33744100
10533228,56.70377200,9.01513700
10533317,56.45314000,8.76129100
10533376,56.36951000,8.12109830
10533449,55.78218730,12.46562000
10533643,56.37144700,8.12203400
10533775,55.26899100,9.18008900
10533899,55.61868460,12.38267670
10533996,55.51087300,10.39932000
10534003,54.84604000,11.43275100
10534208,56.44152090,10.78667590
10534216,55.71687300,12.53571600
10534291,56.16098700,9.52931500
10534402,55.76924790,11.72456090
10534593,55.54813000,11.71862330
10534690,55.65689980,12.35490250
10534771,55.17431400,10.20243900
10534887,55.86238750,9.85503240
10534992,55.55920070,9.40852360
10535107,55.10928500,14.80019700
10535131,55.08739600,8.65559590
10535204,56.18093890,9.54884120
10535247,55.43499000,11.56126700
10535433,55.83995000,12.27338900
10535581,55.68025300,12.55643800
10535697,56.05413300,10.19691400
10535891,55.13373300,15.14441500
10536138,55.99428680,12.49905330
10536278,55.43499000,11.56126700
10536286,55.43499000,11.56126700
10536391,55.39316700,10.38576490
10536405,55.66991090,12.57102160
10536480,55.26452200,9.47097100
10536677,56.14252430,9.16835180
10536847,57.50730900,10.05212300
10537193,55.37963700,10.10483900
10537487,55.25995750,12.03082060
10537541,55.39785710,12.31752610
10537770,55.42679130,10.63382190
10537797,56.15423450,10.09350320
10538009,55.36718300,10.37250200
10538076,55.80420100,8.48377900
10538130,56.47330200,8.76189500
10538475,55.42570850,11.98422940
10538688,55.44719970,10.66425230
10539048,57.10293300,9.39085200
10539072,54.82826900,11.16458800
10539137,54.99043670,10.60669960
10539412,55.34945200,10.09278490
10539544,55.52831500,8.65080400
10539595,55.67676600,12.56751390
10539870,55.26667000,11.50585300
10539900,55.79642160,12.47935130
10539935,55.24972000,10.36492700
10540038,56.15330520,10.20865450
10540208,56.25715100,10.52382500
10540607,55.68651400,11.84752600
10540674,55.63826290,12.07638330
10540682,55.73450000,9.70612700
10540836,55.83285380,12.30778370
10540895,55.51050010,8.48411530
10540984,55.49144900,9.29747600
10541085,55.64771200,8.79699200
10541190,55.77132300,12.50286100
10541336,55.46723600,8.45736300
10541603,56.03512050,12.61035360
10541697,56.47821300,9.94322800
10541840,55.42049400,11.56881500
10541891,55.33011480,9.96823800
10541948,55.91564750,12.49984790
10542049,57.47561900,10.20151400
10542189,55.58200700,9.76833400
10542200,56.17390970,9.51983850
10542340,55.07470700,10.44442100
10542383,55.51191400,10.40729100
10542391,55.38953700,11.57686600
10542472,55.23363400,11.73467080
10542502,56.67160000,9.85697960
10542901,55.96925290,12.54305010
10543096,55.16837600,10.53020100
10543177,55.68099570,12.53328650
10543274,56.15715900,8.92974100
10543290,56.13673190,9.34841500
10543371,56.22346700,9.48316500
10543576,56.12948700,9.17730940
10543800,56.22990600,8.79277900
10543843,56.24799200,9.85717600
10543932,55.85756800,9.27854000
10543991,56.00887290,9.98293990
10544017,55.83827100,8.66163600
10544076,55.96237150,9.39025440
10544084,55.16228400,9.37001700
10544300,55.03246840,9.38951680
10544645,56.48044260,8.77828260
10544696,54.92965500,9.30494200
10544742,55.66598900,11.96078400
10544831,54.93234600,8.98938500
10545455,55.69172700,12.58083300
10545536,55.58802100,11.76691200
10545587,55.97606410,10.14730860
10545773,57.04485650,9.88926650
10545781,54.88706900,10.41071200
10545943,55.69980100,12.47962500
10546087,55.68196660,12.57119700
10546095,55.68163400,12.57543800
10546214,55.86198500,8.74459000
10546389,56.30981600,10.09354000
10546540,55.67907900,8.68238000
10546885,57.00883100,9.82284600
10546893,57.05867800,10.37367890
10546982,55.40471700,10.47545100
10547180,55.35842900,10.14194900
10547237,56.53542400,9.61382500
10547377,55.56694400,11.40616790
10547431,55.42398800,10.38682800
10547571,55.72008700,8.82519100
10547695,55.64099910,12.08064690
10547709,55.70485860,12.54665980
28635087,56.71556790,10.11356900
30232461,54.94045500,12.15926400
